130
1579 490
1022 2371
2178 917
1445 633
1416 1047
61 1622
1639 299
1204 1368
707 967
2185 1870
2274 571
1787 172
2443 2412
1105 1991
727 1816
1261 1891
541 655
333 1344
2067 2328
388 358
454 1789
34 1489
1975 1018
2283 1416
2047 1178
2474 528
1459 175
114 195
2002 301
511 1201
1353 516
402 502
1313 1140
311 2474
733 1165
1650 1752
1594 663
252 490
655 1493
1436 1978
1150 1131
1549 2064
845 1495
401 187
1562 2202
1025 1531
197 2093
479 769
1983 565
841 766
52 1783
59 1152
212 1066
871 620
1692 1222
1365 1648
1545 1535
83 1468
153 2328
42 161
403 1947
2275 144
1027 2309
647 813
1170 759
1475 100
935 1674
1477 372
866 1861
2311 1131
217 1066
1199 2303
2198 1865
273 665
1792 2356
1798 2265
2380 1544
2121 337
1935 1869
1837 1846
2135 2237
983 1178
2405 1770
1060 990
1035 2294
149 1575
1736 105
249 1092
1460 2301
2492 2323
643 898
1481 2313
1858 1228
958 2109
463 1325
1552 1407
1540 1799
2430 1692
306 2472
1492 1794
892 106
2176 485
382 478
694 620
1597 1489
1492 1475
1854 599
707 784
2426 351
1723 224
96 1392
525 2460
1212 743
2378 1708
527 872
322 2341
1567 1558
2491 713
1375 632
799 12
1782 874
1597 806
720 879
189 1934
1174 172
733 1104
1502 913
1432 1407
2071 1499
140 2312
0